Ac 3 6 1.26
Ag 1 6 1.29
Ag 2 6 1.08
Ag 3 6 0.89
Al 3 6 0.675
As 3 6 0.72
As 5 6 0.60
Au 1 6 1.51
Au 3 6 0.99
Au 5 6 0.71
B 3 6 0.41
Ba 2 6 1.49
Ba 2 12 1.75
Be 2 6 0.59
Bi 3 6 1.17
Bi 5 6 0.90
Bi 3 12 1.314
Br 1 6 1.82
C 4 6 0.30
Ca 2 6 1.14
Ca 2 12 1.48
Cd 2 6 1.09
Cd 2 12 1.45
Ce 3 6 1.15
Ce 3 12 1.48
Ce 4 6 1.01
Ce 4 12 1.28
Cf 3 6 1.09
Cf 4 6 0.961
Cl 1 6 1.67
Cm 3 6 1.11
Cm 4 6 0.99
Co 2 6 0.885
Co 3 6 0.75
Co 4 6 0.67
Cr 2 6 0.94
Cr 3 6 0.755
Cr 4 6 0.69
Cr 5 6 0.63
Cr 6 6 0.58
Cs 1 6 1.81
Cs 1 12 2.02
Cu 1 6 0.91
Cu 2 6 0.87
Cu 3 6 0.68
Dy 2 6 1.21
Dy 3 6 1.052
Er 3 6 1.03
Eu 2 6 1.31
Eu 3 6 1.087
F 1 6 1.19
Fe 2 6 0.92
Fe 3 6 0.785
Fe 4 6 0.725
Fr 1 6 1.94
Ga 3 6 0.76
Gd 3 6 1.078
Ge 2 6 0.87
Ge 4 6 0.67
Hf 4 6 0.85
Hg 1 6 1.33
Hg 2 6 1.16
Ho 3 6 1.041
I 1 6 2.06
I 7 6 0.53
In 3 6 0.94
Ir 3 6 0.82
Ir 4 6 0.765
Ir 5 6 0.71
K 1 6 1.52
K 1 12 1.78
La 3 6 1.172
La 3 12 1.50
Li 1 6 0.90
Lu 3 6 1.001
Mg 2 6 0.86
Mn 2 6 0.97
Mn 3 6 0.785
Mn 4 6 0.67
Mn 7 6 0.60
Mo 3 6 0.83
Mo 4 6 0.79
Mo 5 6 0.75
Mo 6 6 0.73
N 3 6 0.30
N 5 6 0.27
Na 1 6 1.16
Na 1 12 1.53
Nb 3 6 0.86
Nb 4 6 0.82
Nb 5 6 0.78
Nd 3 6 1.123
Nd 3 12 1.41
Ni 2 6 0.83
Ni 3 6 0.74
Ni 4 6 0.62
No 2 6 1.24
Np 2 6 1.15
Np 3 6 1.15
Np 4 6 1.01
Np 5 6 0.89
Np 6 6 0.86
Np 7 6 0.85
O 2 2 1.21
O 2 6 1.26
Os 4 6 0.77
Os 5 6 0.715
Os 6 6 0.685
Os 7 6 0.665
P 3 6 0.58
P 5 6 0.52
Pa 3 6 1.18
Pa 4 6 1.04
Pa 5 6 0.92
Pb 2 6 1.33
Pb 2 12 1.63
Pb 4 6 0.915
Pd 2 6 1.00
Pd 3 6 0.90
Pd 4 6 0.755
Pm 3 6 1.11
Po 4 6 1.08
Po 6 6 0.81
Pr 3 6 1.13
Pr 4 6 0.99
Pt 2 6 0.94
Pt 4 6 0.765
Pt 5 6 0.71
Pu 3 6 1.14
Pu 4 6 1.00
Pu 5 6 0.88
Pu 6 6 0.85
Ra 2 12 1.84
Rb 1 6 1.66
Rb 1 12 1.86
Re 4 6 0.77
Re 5 6 0.72
Re 6 6 0.69
Re 7 6 0.67
Rh 3 6 0.805
Rh 4 6 0.74
Rh 5 6 0.69
Ru 3 6 0.82
Ru 4 6 0.76
S 2 6 1.70
S 6 6 0.43
Sb 3 6 0.90
Sb 5 6 0.74
Sc 3 6 0.885
Se 4 6 0.64
Se 6 6 0.56
Si 4 6 0.54
Sm 3 6 1.098
Sm 3 12 1.38
Sn 4 6 0.83
Sr 2 6 1.32
Sr 2 12 1.58
Ta 3 6 0.86
Ta 4 6 0.82
Ta 5 6 0.78
Tb 3 6 1.063
Tb 4 6 0.90
Tc 4 6 0.785
Tc 5 6 0.74
Tc 7 6 0.70
Te 4 6 1.11
Te 6 6 0.70
Th 4 6 1.08
Th 4 12 1.35
Ti 2 6 1.00
Ti 3 6 0.810
Ti 4 6 0.745
Tl 1 6 1.64
Tl 1 12 1.84
Tl 3 6 1.025
Tm 2 6 1.17
Tm 3 6 1.02
U 3 6 1.165
U 4 6 1.03
U 4 12 1.31
U 5 6 0.90
U 6 6 0.87
V 2 6 0.93
V 3 6 0.78
V 4 6 0.72
V 5 6 0.68
W 4 6 0.80
W 5 6 0.76
W 6 6 0.74
Xe 8 6 0.62
Y 3 6 1.04
Yb 3 6 1.008
Zn 2 6 0.88
Zr 4 6 0.86

