r^2 0.9354270553418406
nobs =  28
Sum of weights:  1723.145290700694
standard deviations: 
[0.17558612 4.03913375 5.42438857 2.05336182 8.13404058]
[0.00000000e+00 0.00000000e+00 0.00000000e+00 1.00000000e+00
 6.56183971e+02 4.13713291e+03 0.00000000e+00 2.18421125e+02
 7.35667747e+00 6.47979453e+01 2.54675901e+01 0.00000000e+00
 0.00000000e+00]

Certain:

r^2 0.9952658529702546
nobs =  20
Sum of weights:  966.2727792720207
standard deviations: 
[4.0590439  4.53707869 0.01892616 8.08600659 0.51011178]
[ 0.00000000e+00  0.00000000e+00  0.00000000e+00  1.00000000e+00
  6.53600237e+02  4.15766165e+03  0.00000000e+00  2.19437715e+02
 -1.06707067e+01  6.47979453e+01  8.20492707e+00  0.00000000e+00
  0.00000000e+00]
