r^2 0.9941462571538043
nobs =  122
Sum of weights:  9706.638903666591
standard deviations: 
[0.091130187 0.92584816 0.91864859 0.97665743 0.73967668]
[0.00000000e+00 0.00000000e+00 0.00000000e+00 1.55369491e+00
 5.10593949e+02 2.93606213e+03 0.00000000e+00 8.78169487e+01
 0.00000000e+00 1.19192796e+01 0.00000000e+00 5.32663570e+03
 0.00000000e+00]

Certain:
r^2 0.9968712433689373
nobs =  110
Sum of weights:  7219.181339698459
standard deviations: 
[0.58674615 0.12903175 0.52184761 0.4932399  0.64744501]
[0.00000000e+00 0.00000000e+00 0.00000000e+00 1.45028662e+00
 5.25281475e+02 2.93337931e+03 0.00000000e+00 8.04649301e+01
 0.00000000e+00 1.24225493e+01 0.00000000e+00 5.32165192e+03
 0.00000000e+00]