r^2 0.998824968005579
[1.00000000e+00 1.95199187e+02 2.91465967e+03 3.74457517e-01
 8.29882622e+02 2.12928103e+02 2.99466014e+02 6.62719146e+01
 6.74281401e+00 1.04859588e+01 2.63774213e+02 2.51967680e+03
 0.00000000e+00]
standard deviations: 
[0.71702466 1.46730478 0.00870913 1.45811265 1.61509225 1.55913599
 1.1546549  1.0844443  0.23423121 1.4303795  1.29460725]

Certain:
r^2 0.9984707897866238
nobs =  159
Sum of weights:  3491.351700630512
standard deviations: 
[1.4072817  1.29100521 0.00745947 1.2323605  1.35039926 1.36649092
 1.30982022 0.99810329 0.27346799 1.29119841 1.46952245]
[1.00000000e+00 1.92978933e+02 2.91721523e+03 3.99552598e-01
 8.12604467e+02 2.32323250e+02 2.90433552e+02 7.40043514e+01
 2.38509619e+00 1.23417167e+01 2.67732658e+02 2.51900826e+03
 0.00000000e+00]