r^2 0.9939265640899166
nobs =  177
Sum of weights:  2776.0140910930722
standard deviations: 
[8.01889656e+00 3.98042824e+00 9.50666561e-03 1.18613467e+01
 7.94577458e+00 1.14018715e+01 4.39841307e+00 7.34953409e+00
 9.26798988e-01 6.73928926e+00 1.66320784e+00]
[ 1.00000000e+00  7.23667139e+01  8.69634411e+03  9.35179116e-02
  1.54400476e+03  5.32236979e+01 -9.12567511e+02  1.51022371e+03
 -3.75669220e+02  7.12780815e+01  1.15844321e+02  1.16535005e+01
  0.00000000e+00]

Certain:
r^2 0.9935033559079426
nobs =  144
Sum of weights:  2015.7451752049092
standard deviations: 
[6.32069557e+00 3.92726817e+01 9.23899695e-03 1.41965052e+01
 6.09108027e+00 1.82749855e+01 4.76271170e+01 3.50563936e+01
 2.82485114e+00 1.29637951e+01 1.65524448e+00]
[ 1.00000000e+00  7.38129583e+01  8.92386983e+03  7.26805431e-02
  1.51018473e+03  3.43377845e+01 -9.63628268e+02  1.30108822e+03
 -3.73314322e+02  6.79742783e+01  1.94976060e+02  1.74499392e+01
  0.00000000e+00]