r^2 0.9814233837526668
nobs =  44
Sum of weights:  6071.954076645191
standard deviations: 
[0.41774809 0.04348446 0.07700501 0.45115252 0.00049728]
[0.00000000e+00 0.00000000e+00 0.00000000e+00 1.00000000e+00
 7.30205981e+02 3.99676947e+03 0.00000000e+00 1.17376947e+03
 0.00000000e+00 2.79313087e+02 0.00000000e+00 4.22234307e+00
 0.00000000e+00]

r^2 0.9883532996528609
nobs =  38
Sum of weights:  4854.52910994034
standard deviations: 
[ 0.73665208 42.25965613  1.82387178  0.29231186 43.63906476]
[0.00000000e+00 0.00000000e+00 0.00000000e+00 1.00000000e+00
 7.20033091e+02 3.92109178e+03 0.00000000e+00 1.16070430e+03
 0.00000000e+00 2.85866631e+02 0.00000000e+00 9.59469579e+01
 0.00000000e+00]