r^2 0.9788433553007903
nobs =  33
Sum of weights:  3989.453965456941
standard deviations: 
[3.46149689e+00 7.31109690e+00 6.54305690e-03 8.38296260e+00
 4.18261524e+00 8.82534039e+00 7.13960690e+00 1.53888033e+01
 2.77900335e+00 4.68014862e+00 3.47454870e+00]
[ 1.00000000e+00  7.49221956e+01  2.14429661e+03  1.59961220e-02
  2.08949366e+02  6.69022013e+00 -2.01677089e+02  1.27268225e+03
 -3.73053256e+02  4.04321995e+01  4.31159522e+01  7.42400773e+00
  0.00000000e+00]

Certain:
r^2 0.9536635019323361
nobs =  33
Sum of weights:  3989.453965456941
standard deviations: 
[3.64136651e+00 9.09952605e+00 1.65399259e-03 2.65074989e+00
 4.93230660e-01 5.09485561e+00 8.00972772e+00 3.83510599e+00
 1.15314541e+00 3.88065606e+00 7.08628564e-01]
[ 1.00000000e+00  5.28827377e+01  1.80791081e+03  2.05768707e-02
  2.03225086e+02  1.09706644e+01 -2.02830708e+02  1.28358527e+03
 -4.36196534e+02  4.51550497e+01  5.86045289e+00  1.60817848e+00
  0.00000000e+00]