r^2 0.9884527374173644
nobs =  16
Sum of weights:  425.1873728020278
standard deviations: 
[6.18306089e-03 1.13623949e+01 1.17563024e+00 8.10677704e-01
 1.09992618e+01]
[0.00000000e+00 0.00000000e+00 0.00000000e+00 1.00000000e+00
 8.78169796e+02 2.51414754e+03 0.00000000e+00 1.75065763e+03
 0.00000000e+00 5.54028117e+02 0.00000000e+00 4.19919067e+01
 0.00000000e+00]

Certain:
r^2 0.9888961556447815
nobs =  12
Sum of weights:  280.8829885608386
standard deviations: 
[ 16.09410875 127.7908211  146.12930147  39.93931653  48.10215136]
[0.00000000e+00 0.00000000e+00 0.00000000e+00 1.00000000e+00
 8.62110190e+02 2.62794211e+03 0.00000000e+00 1.64489463e+03
 0.00000000e+00 5.60924356e+02 0.00000000e+00 4.29281200e+01
 0.00000000e+00]