# T(K) V(AA^3) q1(AA, X5+ (00c+)) q2(AA, GM4+ (a-a-c+))
0.476831 116.566276 0.252588 1.094118
50.778297 116.573713 0.259059 1.097647
99.557332 116.607129 0.270706 1.092941
150.005228 116.666794 0.268118 1.091811
200.104185 116.789873 0.255294 1.095694
250.552045 116.886838 0.252941 1.093753
299.994371 116.942608 0.228235 1.066576
299.590716 116.972870 0.194118 1.092782
325.186325 116.998704 0.189412 1.080164
349.431231 117.069660 0.191765 1.045223
#removed 6 data points at transition
499.811546 117.512506 0.000000 0.801849
523.982382 117.619892 0.000000 0.787983
549.067141 117.741579 0.000000 0.785210
576.081817 117.847202 0.000000 0.772269
599.337868 117.955614 0.000000 0.762101
625.888837 118.080328 0.000000 0.756324
650.520323 118.183481 0.000000 0.759559
673.737450 118.292155 0.000000 0.756324
700.034184 118.389951 0.000000 0.746618
724.383602 118.496070 0.000000 0.732059
750.655661 118.640103 0.000000 0.756324
775.752566 118.743556 0.000000 0.745000
800.818223 118.849802 0.000000 0.745000
825.449743 118.956044 0.000000 0.712647
849.490331 119.059725 0.000000 0.732059
874.992471 119.179798 0.000000 0.717500
900.082855 119.299830 0.000000 0.719118
926.104025 119.414504 0.000000 0.712647
950.245468 119.540128 0.000000 0.699706
974.798668 119.630374 0.000000 0.699706
999.246752 119.756249 0.000000 0.690000
1025.881269 119.860299 0.00000 0.675441
1049.563728 119.956147 0.00000 0.673824
1072.917064 120.085035 0.000000 0.668971
1097.286879 120.178193 0.000000 0.659265
1122.609946 120.331937 0.000000 0.604265
1148.194702 120.364923 0.000000 0.668971
1172.955945 120.529582 0.000000 0.609118
1198.482743 120.634003 0.000000 0.605882
1223.214981 120.749443 0.000000 0.546029
1247.613766 120.845820 0.000000 0.602647
1273.527663 120.983423 0.000000 0.601029
1297.747376 121.038515 0.000000 0.581618
1323.535845 121.118474 0.000000 0.520147
1345.387946 121.214880 0.000000 0.502353
#1370.098568 121.297748 0.000000 0.000000
1394.877098 121.449619 0.000000 0.436029
1419.555778 121.549120 0.000000 0.421471
1443.649993 121.706783 0.000000 0.423088
#Removed 6 data points at cubic transition
