r^2 0.9941141319032549
nobs =  96
Sum of weights:  2430.9738838267476
standard deviations: 
[ 8.70828927  4.93383912  0.00389374  0.38386437  6.85155564  6.99885266
  0.45318784  2.19383247 11.41535053  4.38894888]
[1.00000000e+00 9.97691343e+02 2.19736753e+02 1.49770730e-01
 1.26785087e+03 2.70960114e+01 3.54422363e+01 3.63848380e+03
 3.80106709e+01 7.88690277e+01 1.97344003e+02 1.28955895e+01
 0.00000000e+00]

Certain:
r^2 0.9972590807728738
nobs =  54
Sum of weights:  1188.1233223173667
standard deviations: 
[3.56796413 4.40879123 0.01601335 4.41599748 1.71314382 3.87835465
 5.46196671 1.94474457 2.91663764 3.4735202 ]
[ 1.00000000e+00  1.00732641e+03  2.53516777e+02  8.37301038e-03
  1.24775657e+03  1.50027894e+00 -2.17815179e+00  3.63794671e+03
  3.80106709e+01  7.88763887e+01  2.48596472e+02  2.20882326e+00
  0.00000000e+00]